start=60.160000
volume=80.000000
