start=19.360000
volume=80.000000
