start=52.360000
volume=105.000000
